Computing source terms for NN mode frequency w = 0.100000 up to l = 10
S[0] = -1.330628e+00
S[1] = -2.949407e+00
S[2] = -5.097197e+00
S[3] = -7.777283e+00
S[4] = -1.098952e+01
S[5] = -1.473333e+01
S[6] = -1.900817e+01
S[7] = -2.381333e+01
S[8] = -2.914875e+01
S[9] = -3.501390e+01
S[10] = -4.140851e+01
Sum_0^11 = -1.912700e+02
