Computing source terms for two NN modes with w = 2i + x and x = 0.523599 up to l = 10
S[0] = 5.124790e+02
S[1] = 7.653890e+02
S[2] = 7.678417e+02
S[3] = 6.387725e+02
S[4] = 6.650910e+02
S[5] = 1.127154e+03
S[6] = 2.150243e+03
S[7] = 3.840609e+03
S[8] = 6.545120e+03
S[9] = 1.548332e+04
S[10] = 1.447226e+04
Sum_0^11 = 4.696828e+04
