Computing source terms for two NN modes with w = 2i + x and x = 0.523599 up to l = 10
S[0] = -6.900710e+02
S[1] = -7.843150e+02
S[2] = -5.463214e+02
S[3] = -4.375322e+01
S[4] = 4.330534e+02
S[5] = 7.036143e+02
S[6] = 9.091954e+02
S[7] = 1.134724e+03
S[8] = 1.435764e+03
S[9] = 2.215992e+03
S[10] = 2.391060e+03
Sum_0^11 = 7.158942e+03
